0
2
1
32
25
19
14
26
17
29
3
4
8
73
57
207
175
139
133
146
97
202
219
47
148
199
156
93
122
185
92
70
54
42
58
209
206
135
174
117
99
94
48
132
140
201
81
84
171
118
127
82
155
90
167
196
123
78
158
85
111
198
142
738
899
969
604
521
348
434
634
870
530
684
587
926
470
682
657
353
814
468
833
882
707
400
778
325
599
744
928
717
446
355
397
867
506
551
299
566
386
818
306
508
632
631
291
874
316
283
329
763
591
241
593
655
538
625
826
965
426
892
346
293
897
697
615
857
504
950
585
846
972
398
232
925
885
957
288
556
526
502
955
872
263
240
361
481
480
819
377
624
710
674
939
848
741
673
621
341
601
835
256
1303
1425
1748
2184
1799
1896
1224
1796
2159
1624
1107
1308
1104
2118
1122
2015
1360
1045
1048
1374
2219
1937
1966
2156
1569
1793
1600
2228
2188
1409
1910
1216
1157
1593
2033
1517
1496
1019
2139
1963
2080
1968
1548
2263
1084
1116
1175
2268
2047
1270
1772
2291
2180
2073
1422
1924
1195
1644
1583
1938
1180
2260
1955
2287
1103
1239
1051
2096
1137
1977
1956
1561
2189
1211
1325
1795
1782
1119
1570
1362
1567
2292
1474
1964
2255
1713
1848
1511
1991
1590
1131
1209
1516
1378
2198
1979
1003
1682
1714
2131
1906
1946
1172
1136
1117
2029
1120
1328
2305
1989
1111
1082
1364
1461
1770
1357
1454
2296
1907
1813
2290
1850
2107
2034
2245
1152
2192
2133
1677
2111
2066
1718
1577
2267
2024
1227
1745
2008
1446
1997
1847
1686
1400
1183
1178
1184
1694
2310
986
1858
1827
983
2306
1076
2272
993
1555
2017
1734
2256
2318
2057
1736
1448
1529
2316
1884
1741
1780
1476
1893
1810
1191
1340
1198
1475
1284
2317
2121
1610
1145
2178
1631
1322
2048
2138
2146
1500
1031
1466
1556
2002
1560
1197
2026
2035
1046
1128
2222
1381
2276
1451
1889
2151
1996
1935
1126
1623
1912
1050
1978
1089
1094
2072
2089
1508
1816
1177
1645
2166
1432
1024
2129
1194
1291
1838
1552
1589
1904
1678
1021
1828
1049
1563
2101
1386
1463
1861
1207
2099
1512
1643
1070
1934
2234
1489
1897
2279
2186
1062
1731
1983
1993
1632
1079
1949
1530
1588
2025
2152
1800
1786
1607
1534
1174
2232
2069
1462
1464
1792
1873
1299
1697
1659
1139
1105
1953
1316
1092
1617
2148
1326
1640
1637
2172
1681
1984
1059
1215
1102
1605
1267
1146
1095
1568
1874
1940
1616
2005
1656
1872
1411
1123
2154
1701
1601
1056
1127
1581
1254
1709
1329
1836
1258
1307
1319
1421
1244
1186
1407
1417
1047
1372
1894
1994
1383
1738
1467
2208
1564
1774
2063
1065
1391
1539
2085
1301
1768
1429
1764
2280
1365
1030
1039
2012
1950
2031
1811
1433
1430
1336
1808
2058
2257
2108
1379
1655
2169
1959
1776
2199
1240
1818
1456
2210
1398
1621
2286
2250
1342
1685
1615
1393
1311
2014
2013
1925
1614
1083
1710
1965
2076
999
1843
1831
1773
1438
1867
1232
1595
1369
2049
1358
1253
1749
2064
2061
2104
2204
1618
2489
2363
3252
2768
2815
3533
2409
3576
2555
2958
3242
2791
2682
2379
2765
3106
2573
2837
3039
3059
3216
3475
2934
2818
3575
2738
2510
3174
2995
2381
2980
2485
2592
2685
3056
3141
2953
3273
2588
3601
3506
3586
2393
3176
2568
3585
2715
2835
3376
3095
3105
2717
2650
2952
3339
2888
2601
2939
3443
3432
2335
2961
3063
3413
3591
3202
2659
3427
2462
3469
2487
3275
2736
3161
2711
3485
3249
3050
2611
2978
2515
3344
3365
3060
2357
2522
2591
3356
3075
3357
3158
3489
3199
2527
2766
2926
3065
2658
3243
2670
2688
3185
3031
2387
2797
3198
2342
2378
3184
3535
3043
3570
3385
2785
3396
3212
2628
2789
3223
3505
2803
2716
2692
3429
3557
3009
2492
2459
2813
2433
2350
2759
2937
3189
2850
3345
2572
3068
2332
2460
2425
3550
3480
3220
2845
2581
3082
3066
3217
3549
2787
3091
2662
3118
3241
2548
2469
2863
3592
3226
3493
3507
2494
3388
2904
2793
2458
3222
2585
2595
3403
2907
3137
3440
2518
2356
3452
3366
2780
2942
2955
2684
2322
2991
2758
3536
2748
2324
2432
2536
2624
2920
2635
3258
2833
2983
3051
3093
3384
3139
2814
3423
3061
2431
3147
2352
3156
3191
3074
3394
2652
3369
2617
2893
3239
2921
3596
3020
3183
2422
3231
3171
2468
3047
2911
2823
3453
2720
2924
2876
3247
2598
2605
2436
3049
2647
2507
3518
2763
3232
2498
2359
3014
2796
3208
3310
3233
2726
3320
3040
2546
3000
3496
3188
3541
2962
2971
3508
2882
3088
3401
2612
2832
3404
3175
3472
2674
3362
2700
2618
3285
2805
3097
3398
2801
2745
3338
2735
3019
3463
3179
2384
3458
2338
3544
3042
3157
2871
2729
2779
2629
2701
3224
3227
3297
3016
3328
3406
3380
2778
4117
3640
3809
3885
3610
4071
3726
3732
3938
3859
4048
3745
3868
3753
4078
3928
3835
4045
4120
3702
3905
4113
3625
3623
3920
3646
3880
3740
3787
3721
3853
3697
4034
3682
3810
3717
3762
3861
3824
3898
3771
3700
4004
3800
4112
4100
3946
3672
3744
3935
4008
3734
3854
4019
4063
3731
4033
3630
3761
3616
3936
4119
4043
3953
3737
3918
3851
4044
4038
3830
3790
3752
3840
4118
3639
4123
3750
3782
3687
4095
3720
3988
3698
3966
3828
3989
3906
4109
3741
3748
3729
3987
4016
3884
3653
4024
4035
3665
3647
3808
4167
4137
4220
4201
4217
4130
4171
4165
4166
4125
4213
4126
4153
4143
4157
4129
4195
4132
4156
4159
4139
4208
4219
4148
4169
4173
4149
4174
4142
4210
4188
4127
4147
4199
4190
4151
4145
4155
4175
4214
4194
4206
4184
4211
4202
4216
4187
4189
4192
4152
